238
126
321
367
426
282
65
348
151
149
283
180
219
275
296
52
105
113
436
448
471
498
269
68
89
197
29
52
469
178
496
403
201
495
262
413
173
292
81
161
396
68
202
472
366
32
220
75
276
66
152
431
38
282
379
171
344
370
36
241
36
62
168
238
91
284
198
74
156
431
62
479
43
105
404
96
99
112
48
294
383
488
209
427
188
195
375
160
303
34
79
491
417
94
387
207
66
182
344
163
58
109
270
231
177
215
93
487
474
242
83
225
488
443
391
45
269
334
213
407
125
58
308
138
203
169
458
17
65
46
237
106
404
370
267
102
115
31
449
350
179
280
146
185
299
434
152
353
304
426
49
305
405
210
132
497
376
432
378
120
304
358
192
476
295
41
239
234
34
136
313
321
59
354
396
267
118
290
479
176
368
162
225
168
115
265
429
348
148
447
199
260
242
63
38
185
52
203
199
155
