140
2507
4279
3911
2485
3632
2727
4339
4061
2440
3286
4741
2650
1863
4125
4842
4544
1819
4344
4665
2521
1995
3201
759
4770
2329
872
1343
1955
252
2776
296
568
2033
4634
3136
2942
3593
1501
346
2162
1629
2561
3762
2601
1014
2789
1145
611
2847
2221
1433
4067
8
3049
2488
577
417
3127
2087
1134
4661
2505
1427
350
2482
4241
2676
1470
4701
4956
4070
4441
1906
4065
137
2444
2803
846
4656
2882
4007
753
855
4011
87
1018
3706
1518
4460
2165
2573
4016
2313
3629
4375
2600
926
811
3387
4351
1443
940
4270
3930
3358
2916
144
158
2653
671
511
4074
2924
691
4804
4997
2668
4564
266
4875
2138
731
480
2997
3449
1652
746
2479
1623
598
2162
453
4039
2649
4676
3532
3688
3928
4857
4796
3249
233
3020
1846
2926
3020
1153
4688
4807
1601
4976
564
1573
3545
4078
3895
358
1966
3602
3306
1625
1233
2905
1063
4462
1820
1948
3569
3369
565
248
3469
1497
3002
3138
2987
3427
1333
4413
363
3242
2787
1017
2997
2672
4683
1883
3622
4705
2908
1023
1243
1469
2803
496
4021
2688
859
365
3625
2795
3994
1301
4134
755
2468
2576
2360
4977
2768
698
2356
2101
638
3935
2217
3473
4554
4975
3710
3393
2441
4869
4609
1110
2281
95
205
3457
2350
729
3911
348
2686
2022
2498
4176
2835
356
632
1558
1414
3390
3039
2526
3914
4325
915
4493
1519
2142
3060
4766
4593
4801
2759
2452
2507
2392
2802
2612
3395
3837
2694
3612
1399
173
3998
3971
245
53
330
3938
253
2088
2289
3481
648
540
1824
2263
4190
4423
868
1038
3538
4557
3912
779
4423
188
856
2606
757
2150
1000
2652
1549
1944
2744
3612
4233
3620
4650
2877
1583
2477
2170
4777
840
2926
1858
3918
4973
598
3999
4815
3946
890
156
4913
1328
2956
31
440
263
4191
3265
59
4164
4728
3338
3309
4276
521
355
4481
2962
3224
722
2776
1641
4593
905
1546
3612
1291
4006
3957
4660
4347
681
2782
2602
2184
4377
835
4160
4686
4194
3556
4132
2181
46
2209
914
4425
2410
203
1373
3264
964
2081
2350
3737
4814
3971
3434
482
1475
1972
3053
4690
1244
2838
4532
4383
4713
4624
2151
2129
1309
3815
4284
4991
2718
3829
4978
4213
807
1926
3670
4697
3132
4106
2724
2197
3565
798
1932
3805
2423
2746
3092
2273
2203
1703
178
830
3977
2776
1120
4853
2451
955
3546
3363
3760
1128
1776
3595
4820
4480
298
4996
661
3716
28
3231
2511
3835
4895
4997
4131
3416
2444
4270
2664
4811
3920
4816
4921
4625
2523
2511
104
3210
2149
4021
4926
3643
4369
3210
937
1849
585
2926
1194
4948
3935
3486
733
987
635
2128
1100
1597
3130
2938
2147
3486
1308
1556
2510
2849
4644
4074
1277
1389
2515
207
3314
94
682
2549
2103
4095
116
4394
2872
4539
3096
1115
4189
4503
475
2156
1198
2122
754
197
4131
795
743
1234
3202
2584
4920
4621
3509
197
202
2981
765
1805
3806
978
1913
1865
3363
4873
1152
745
4270
3887
1017
1144
1812
3681
4949
2667
535
1114
1329
690
772
4677
3423
1190
2032
1131
331
2574
243
903
1955
4249
2439
1043
32
2380
2223
835
2926
3108
2205
1419
3265
4464
912
3749
477
1845
4460
692
3998
2840
232
4280
2836
573
3422
2332
718
4860
4684
805
660
3984
982
4561
275
920
626
696
1230
2934
204
4524
1160
3456
2826
4356
4467
4971
2098
4117
4498
3918
488
1205
4940
988
1884
4508
2442
3164
2882
1548
2067
426
142
796
3128
241
3713
3224
489
656
1582
1088
1881
4211
2295
3051
1502
993
2073
948
783
2841
1326
4336
2440
627
620
2186
2528
1169
2461
4000
3634
2667
1382
4608
2885
3233
4894
435
3901
1513
3416
840
393
4745
3877
2168
1400
4460
3703
1180
4128
681
4903
710
2959
4872
1674
247
1803
4467
1878
3783
4821
1734
3378
2405
54
4976
79
3466
3737
403
2803
1759
1921
4013
157
2431
4005
2685
2972
3603
2065
1659
2210
3816
3199
816
3854
3909
1123
2783
3587
1159
570
3689
2697
4375
4930
424
1550
4535
1238
2894
4058
1417
1981
4606
3947
2007
3865
1514
640
2095
2078
1568
594
4309
4963
655
4789
360
2535
3177
3947
2953
2030
4023
1992
1522
1559
4581
575
2735
2283
1924
1036
2662
2072
4729
886
376
3379
3141
1957
3270
3674
4025
1625
3519
461
774
2598
4942
1084
1158
17
3966
3950
1043
522
1803
3069
3010
1402
744
4906
3422
4161
1348
1858
4686
2052
3050
2909
2138
568
4768
3104
1775
4274
4940
2550
403
2044
1292
536
3995
3278
1340
4755
1318
23
3006
198
2525
3563
4458
939
3153
1602
1482
2467
1216
42
3726
3969
459
4441
3436
1360
323
1203
2911
4655
2678
1602
2411
3779
578
344
1683
3082
3129
4715
2335
4660
783
4714
526
2770
3585
4874
3630
4150
1518
2002
3792
4996
4085
2167
63
428
3500
1081
1365
3894
3233
3691
2753
3501
3275
2695
3091
2821
1623
324
3320
4735
2548
3628
4140
2175
4386
4238
2843
3833
2209
505
4620
4783
1264
1585
523
4094
1078
2959
4855
4007
1714
710
1711
710
1255
3537
4754
2507
3195
2264
4685
96
2060
4946
3099
1106
2583
357
1885
3007
3095
3236
2511
4937
1334
3432
4018
2634
1109
3081
2191
561
2055
417
2600
4326
3222
1850
2287
1655
4968
4156
2227
4415
1926
2699
3138
4211
3995
3798
1011
671
764
4140
755
1436
1259
3487
4664
640
1075
4519
301
3250
159
2638
4393
2749
2052
1808
3531
257
1193
736
3523
4900
123
2406
1246
1311
2881
226
3981
4408
2180
4970
2409
3624
542
2002
1303
1586
668
681
2448
3304
1980
159
4535
