8
17
23
28
31
32
42
46
53
54
59
63
79
87
94
95
96
104
116
123
137
140
142
144
156
157
158
159
159
173
178
188
197
197
198
202
203
204
205
207
226
232
233
241
243
245
247
248
252
253
257
263
266
275
296
298
301
323
324
330
331
344
346
348
350
355
356
357
358
360
363
365
376
393
403
403
417
417
424
426
428
435
440
453
459
461
475
477
480
482
488
489
496
505
511
521
522
523
526
535
536
540
542
561
564
565
568
568
570
573
575
577
578
585
594
598
598
611
620
626
627
632
635
638
640
640
648
655
656
660
661
668
671
671
681
681
681
682
690
691
692
696
698
710
710
710
718
722
729
731
733
736
743
744
745
746
753
754
755
755
757
759
764
765
772
774
779
783
783
795
796
798
805
807
811
816
830
835
835
840
840
846
855
856
859
868
872
886
890
903
905
912
914
915
920
926
937
939
940
948
955
964
978
982
987
988
993
1000
1011
1014
1017
1017
1018
1023
1036
1038
1043
1043
1063
1075
1078
1081
1084
1088
1100
1106
1109
1110
1114
1115
1120
1123
1128
1131
1134
1144
1145
1152
1153
1158
1159
1160
1169
1180
1190
1193
1194
1198
1203
1205
1216
1230
1233
1234
1238
1243
1244
1246
1255
1259
1264
1277
1291
1292
1301
1303
1308
1309
1311
1318
1326
1328
1329
1333
1334
1340
1343
1348
1360
1365
1373
1382
1389
1399
1400
1402
1414
1417
1419
1427
1433
1436
1443
1469
1470
1475
1482
1497
1501
1502
1513
1514
1518
1518
1519
1522
1546
1548
1549
1550
1556
1558
1559
1568
1573
1582
1583
1585
1586
1597
1601
1602
1602
1623
1623
1625
1625
1629
1641
1652
1655
1659
1674
1683
1703
1711
1714
1734
1759
1775
1776
1803
1803
1805
1808
1812
1819
1820
1824
1845
1846
1849
1850
1858
1858
1863
1865
1878
1881
1883
1884
1885
1906
1913
1921
1924
1926
1926
1932
1944
1948
1955
1955
1957
1966
1972
1980
1981
1992
1995
2002
2002
2007
2022
2030
2032
2033
2044
2052
2052
2055
2060
2065
2067
2072
2073
2078
2081
2087
2088
2095
2098
2101
2103
2122
2128
2129
2138
2138
2142
2147
2149
2150
2151
2156
2162
2162
2165
2167
2168
2170
2175
2180
2181
2184
2186
2191
2197
2203
2205
2209
2209
2210
2217
2221
2223
2227
2263
2264
2273
2281
2283
2287
2289
2295
2313
2329
2332
2335
2350
2350
2356
2360
2380
2392
2405
2406
2409
2410
2411
2423
2431
2439
2440
2440
2441
2442
2444
2444
2448
2451
2452
2461
2467
2468
2477
2479
2482
2485
2488
2498
2505
2507
2507
2507
2510
2511
2511
2511
2515
2521
2523
2525
2526
2528
2535
2548
2549
2550
2561
2573
2574
2576
2583
2584
2598
2600
2600
2601
2602
2606
2612
2634
2638
2649
2650
2652
2653
2662
2664
2667
2667
2668
2672
2676
2678
2685
2686
2688
2694
2695
2697
2699
2718
2724
2727
2735
2744
2746
2749
2753
2759
2768
2770
2776
2776
2776
2782
2783
2787
2789
2795
2802
2803
2803
2803
2821
2826
2835
2836
2838
2840
2841
2843
2847
2849
2872
2877
2881
2882
2882
2885
2894
2905
2908
2909
2911
2916
2924
2926
2926
2926
2926
2934
2938
2942
2953
2956
2959
2959
2962
2972
2981
2987
2997
2997
3002
3006
3007
3010
3020
3020
3039
3049
3050
3051
3053
3060
3069
3081
3082
3091
3092
3095
3096
3099
3104
3108
3127
3128
3129
3130
3132
3136
3138
3138
3141
3153
3164
3177
3195
3199
3201
3202
3210
3210
3222
3224
3224
3231
3233
3233
3236
3242
3249
3250
3264
3265
3265
3270
3275
3278
3286
3304
3306
3309
3314
3320
3338
3358
3363
3363
3369
3378
3379
3387
3390
3393
3395
3416
3416
3422
3422
3423
3427
3432
3434
3436
3449
3456
3457
3466
3469
3473
3481
3486
3486
3487
3500
3501
3509
3519
3523
3531
3532
3537
3538
3545
3546
3556
3563
3565
3569
3585
3587
3593
3595
3602
3603
3612
3612
3612
3620
3622
3624
3625
3628
3629
3630
3632
3634
3643
3670
3674
3681
3688
3689
3691
3703
3706
3710
3713
3716
3726
3737
3737
3749
3760
3762
3779
3783
3792
3798
3805
3806
3815
3816
3829
3833
3835
3837
3854
3865
3877
3887
3894
3895
3901
3909
3911
3911
3912
3914
3918
3918
3920
3928
3930
3935
3935
3938
3946
3947
3947
3950
3957
3966
3969
3971
3971
3977
3981
3984
3994
3995
3995
3998
3998
3999
4000
4005
4006
4007
4007
4011
4013
4016
4018
4021
4021
4023
4025
4039
4058
4061
4065
4067
4070
4074
4074
4078
4085
4094
4095
4106
4117
4125
4128
4131
4131
4132
4134
4140
4140
4150
4156
4160
4161
4164
4176
4189
4190
4191
4194
4211
4211
4213
4233
4238
4241
4249
4270
4270
4270
4274
4276
4279
4280
4284
4309
4325
4326
4336
4339
4344
4347
4351
4356
4369
4375
4375
4377
4383
4386
4393
4394
4408
4413
4415
4423
4423
4425
4441
4441
4458
4460
4460
4460
4462
4464
4467
4467
4480
4481
4493
4498
4503
4508
4519
4524
4532
4535
4535
4539
4544
4554
4557
4561
4564
4581
4593
4593
4606
4608
4609
4620
4621
4624
4625
4634
4644
4650
4655
4656
4660
4660
4661
4664
4665
4676
4677
4683
4684
4685
4686
4686
4688
4690
4697
4701
4705
4713
4714
4715
4728
4729
4735
4741
4745
4754
4755
4766
4768
4770
4777
4783
4789
4796
4801
4804
4807
4811
4814
4815
4816
4820
4821
4842
4853
4855
4857
4860
4869
4872
4873
4874
4875
4894
4895
4900
4903
4906
4913
4920
4921
4926
4930
4937
4940
4940
4942
4946
4948
4949
4956
4963
4968
4970
4971
4973
4975
4976
4976
4977
4978
4991
4996
4996
4997
4997
